100000712	Endless Chain～2人でトリガーをひこう～ The second term	私立BEMANI学園軽音楽部
100000713	Synergy For Angels (GITADORA Ver.)	TAG×U1-ASAMi
100000714	ラキラキ (GITADORA Ver.)	Mutsuhiko Izumi & S-C-U
100000715	GAIA -GITADORA EDITION-	猫叉L.E.D.Master+
100000716	Elemental Creation -GITADO ROCK ver.-	dj TAKA meets DJ YOSHITAKA ft.guit.good-cool
100000943	水月鏡花のコノテーション	日向美ビタースイーツ♪
100000964	羽根亡キ少女唄	純情ディスコード
100000967	Shout!!	Qrispy Joybox feat.mao
100000968	STAR SHIP☆HERO	Lucky Vacuum
100000971	In The Ruins	good-cool feat. CHiCO
100000972	Aerial Skydive	Dirty Androids
100000975	虹の先に何があるか	あさき
100000977	EXUSIA	L.E.D.-G
100000978	たからもの	セリカ&エリカ
100000981	Another Phase	TAG
100000982	ヤマトなでなで♡かぐや姫	ロマンチック♡Prim姫
100000990	さよならトリップ～夏陽 EDM edition～	東雲夏陽
100000991	魔法のたまご～心菜 ELECTRO POP edition～	東雲心菜
100000998	透明はまだらに世界を告げて	あさき × 剣
100000999	I LOVE SAKURA	CHERRY BLOSSOMS (ASAKI & wac)
100001000	Go↓Go↑Girls&Boys!	松下 feat.Sota&wac
100001014	Magical Sky	Sana
100001015	ミライノトビラ	Sana
100001016	久遠の絆	上田敦美
100001017	ツキノキオク	Sana
100001018	Miracle Halloween	Sana
100001019	Magical Halloween レギュラーボーナスメドレー	KPE STUDIO
100001020	Crossing Heart	上田敦美
100001021	月の翼	Sana
100001045	オトカドール ～このゆびとまれ～	NU-KO
100001046	Healing Tree	NU-KO
100001047	もっと私を好きになって！	NU-KO
100001048	黒い月の遊戯	NU-KO
100001051	クラゲファンタジーソーダ	日向美ビタースイーツ♪
100001052	jet coaster☆girl～まり花edition～	日向美ビタースイーツ♪
100001054	双星ルミネセンス	一舞 ＆ 夏陽
100001056	cosmic agenda～一舞edition～	日向美ビタースイーツ♪
100001059	遠く遠く離れていても…	日向美ビタースイーツ♪
100001060	恋はどう？モロ◎波動OK☆方程式!!～めうedition～	日向美ビタースイーツ♪
100001063	空の飛び方	日向美ビタースイーツ♪
100001064	空言の海～咲子edition～	日向美ビタースイーツ♪
100001067	寂寞たる世界の終末は	日向美ビタースイーツ♪
100001097	変わりゆく時間とノスタルジアと	あずときだしゅんすけ
100001098	Fly far bounce	猫叉Master
100001099	Pee-wee Boogie	ARM
100001100	Evans ～NOSTALGIA Ver. ～	DJ YOSHITAKA Arranged by まらしぃ
100001113	エレシュキガル	Noah
100001114	birth	Yu_Asahina 
100001115	If	Pa's Lam System
100001116	みたらしプラトニック (feat. nicamoq)	Yunomi
100020002	Silence	猫叉Master
100020005	ビューティフル レシート	Lucky Vacuum
100020006	Starry ☆ night	Qrispy Joybox feat.mao
100020007	IMAGE-MATERIAL- <REFLEC BEAT Edition>	Tatsh
100020008	UNLIMITED FIRE	TAG
100030001	幻想の世界へ	幻想水滸伝音楽チーム
100030002	回想	幻想水滸伝音楽チーム
100030003	Currents	幻想水滸伝音楽チーム
100030004	水上の提督	猫叉Master
100030005	サツキ-jubeatREMIX-	マジックアカデミー管弦楽部
100030006	予選後半戦1～クイズマジックアカデミー7より～	マジックアカデミー管弦楽部
100030007	決勝戦～クイズマジックアカデミー8より～	マジックアカデミー管弦楽部
100030008	オープニングテーマ～クイズマジックアカデミー賢者の扉より～	マジックアカデミー管弦楽部
100030009	Resonance of Steel -jubeatREMIX-	THE CLASS ADMIRALS
100030010	Rainstorm of Bullets	THE CLASS ADMIRALS
100030011	Agitated by Emotion	THE CLASS ADMIRALS
100030012	Shrill Voice	THE CLASS ADMIRALS
100030013	Miracle Moon～お月様が中継局～	Togo project feat.Sana
100030014	ボッサ・デ・サナ 2001	Togo project feat.Sana
100030015	サナ・モレッテ・ネ・エンテ (B.L.T.sandwitch style)	Togo project feat.Sana
100030016	Custom-made Girl -NOT FOR SALE!-	Togo project feat.Sana
100030019	YOU + I = ❤  - short ver -	3 Majesty
100030020	E→motion  - short ver -	X.I.P.
100030021	ドラキュラII 呪いの封印 メドレー	コナミ矩形波倶楽部
100030022	グラディウスII GOFERの野望 メドレー	コナミ矩形波倶楽部
100030023	がんばれゴエモン2 奇天烈将軍マッギネス メドレー	コナミ矩形波倶楽部
100030024	unkai (アクスレイ)	コナミ矩形波倶楽部
100030025	月風魔伝 メドレー	コナミ矩形波倶楽部
100030026	SUPER魂斗羅 メドレー	コナミ矩形波倶楽部
100030027	XEXEX メドレー	コナミ矩形波倶楽部
100030028	Pop'nツインビー メドレー	コナミ矩形波倶楽部
100030029	がんばれゴエモン2 メドレー	コナミ矩形波倶楽部
100030030	沙羅曼蛇 メドレー	コナミ矩形波倶楽部
100030031	悪魔城すぺしゃる ぼくドラキュラくん メドレー	コナミ矩形波倶楽部
100030032	A-JAX メドレー	コナミ矩形波倶楽部
100030033	グラディウス2 メドレー	コナミ矩形波倶楽部
100030034	がんばれゴエモン ゆき姫救出絵巻 メドレー	コナミ矩形波倶楽部
100030035	Twin Flight～Sky Swimming （ツインビーヤッホー！）	コナミ矩形波倶楽部
100030036	アルマナの奇跡 メドレー	コナミ矩形波倶楽部
100040005	CHRONOS RING	下村陽子
100040006	AXEL BEAT	伊藤賢治
100040008	グラディウス メドレー	コナミ矩形波倶楽部
100040009	がんばれゴエモン！からくり道中 メドレー	コナミ矩形波倶楽部
100040010	Frogger's Song	
100040011	密林の戦い	
100040012	リーサルエンフォーサーズ メドレー	
100050010	ニンジャマンジャパンのテーマ	ニンジャマンジャパン
100050011	風の通り道 feat.佐野隆 ～となりのトトロ～	新井大樹
100050016	カラフルミニッツ	Qrispy Joybox feat.mao
100050017	IMAGE-MATERIAL- <REFLEC BEAT Edition>	Tatsh
100050018	New Answer	TRIBAL CHAIR
100050019	Prison	TRIBAL CHAIR
100050020	片膝の汚れ	LAST ALLIANCE
100050021	エンプティハート	LAST ALLIANCE
100050022	BLUE BIRD SHERRY	LAST ALLIANCE
100050023	a burning bullet	LAST ALLIANCE
100050024	千本桜	黒うさP
100050025	ロミオとシンデレラ	doriko
100050026	腐れ外道とチョコレゐト	ピノキオP
100050031	魔法陣より愛をこめて	カラスは真っ白
311010002	-SHINOBI-	ニンジャマンジャパン
311010003	隠密Dancers	ニンジャマンジャパン
311010004	Never Give Up!	ニンジャマンジャパン
311020010	愛しき為の闘い	新井大樹
311020011	広い大自然の中で	新井大樹
311020012	奇跡の木漏れ日	新井大樹
311020014	超過決戦	新井大樹
311020015	重要桜	新井大樹
311020016	新たなる生命	新井大樹
311020017	薔薇色の煉瓦通り	新井大樹
311020101	霰散 valentine	くーぼ
311020102	Metropolitan Freeway	きっちゃん
311020103	Oriental Breeze	PLAMATO
311020104	Are U Ready!? Go!!	Mitchy Asai (feat.AMPlifier)
311020205	CYCLONE	plazma
311020206	CRIME	plazma
311020207	SIDECORE	plazma
311020208	Rising Wave	plazma
311020209	SKYNET	plazma
311020301	ホーリィ☆嫉妬	猫体質
311020302	YAKYUKEN ODORI-Ehime Matsuyama Emotion- 原曲 野球拳 作曲 前田伍健	RED CARD GENIUS
311020303	破天荒 DOLL	くーぼ
311020304	コクリ隊☆エマージェンシー	埼玉コクリ隊
311020410	Bon courage!!-ボンクハージュ-	猫大樹
311020411	盗宝	猫大樹
311020412	Solitude & Nightmare	猫大樹
311030101	AUTOMAGIC	plazma
311030103	CIGARETTE	plazma
311030104	Aloe Dreams	plazma
311042302	トリノコシティ feat. UmiNeko	有形ランペイジ 
311060001	Bijuのテーマ	岡野ハジメ
311060002	Sweet Little Biju	DJぽっくん
311060004	HYPER COSMO	ANDROID_RYO:SUKE_23
311070001	REMEMBER (DIL mix)	NACANO
311070002	IMTA (DIL mix)	NACANO
311070003	DANCE IS LOVE (DIL mix)	NACANO
311070004	HIGHER LOVE (DIL mix)	NACANO
311120102	Bad ∞ End ∞ Night	ひとしずく×やま△
311120103	天ノ弱	164
311120104	腐れ外道とチョコレゐト	ピノキオP
311120106	Just Be Friends	Dixie Flatline
311120107	ポーカーフェイス	ゆちゃP
311120109	ロストワンの号哭	Neru
311120110	ネトゲ廃人シュプレヒコール	さつき が てんこもり
311120112	サンドリヨン	Dios/シグナルP
311120114	再教育	Neru
311120115	Black Board	蝶々P
311120117	ありふれたせかいせいふく	ピノキオP
311120124	おちゃめ機能	ゴジマジP
311120126	チェックメイト	ゆちゃP
311120128	鎖の少女	のぼる↑
311120130	のろいのめか゛ね ～ stray girl in her lenses	ぶっちぎりP
311120131	お断りします	さつき が てんこもり
311120401	On My Wings	kors k
311120402	Ultra Hardcore	kors k
311120403	Because of You	kors k
311120404	Shibuya Jungle	kors k
311120802	色は匂へど 散りぬるを	幽閉サテライト feat.senya
311120803	泡沫、哀のまほろば	幽閉サテライト feat.senya
311120804	君色サブリミナル	幽閉サテライト feat.senya
311120902	contrail tail	moimoi×Xceon×Dai.
311120903	光と幻影（Xceon album ver.)	Xceon feat.Mayumi Morinaga
311141002	シティー・ボーイ	Mitchie M
311142205	夢色パレード	Rhodanthe*
311142206	My Best Friends	Rhodanthe*
311142207	きらめきいろサマーレインボー	Rhodanthe*
311142208	シロツメクサの約束	Rhodanthe*
311142701	絶滅危愚少女！	千菅春香
311142702	桃色ファンタジー	千菅春香
311142703	モモキュンソード	千菅春香
311142704	ジュ・ジュテーム・コミュニケーション	千菅春香
311142901	Black † White	野水いおり
311142902	DARAKENA	野水いおり
311142903	漆黒を塗りつぶせ	野水いおり
311142904	D.O.B.	野水いおり
311160003	ロミオとシンデレラ	doriko
311160004	右肩の蝶	のりぴー
311160005	メランコリック	Junky
311160006	RIP=RELEASE	minato (流星P)
311160014	ダブルラリアット	アゴアニキ
311160015	東京テディベア	Neru
311160020	1925	T-POCKET
311160032	ウミユリ海底譚	n-buna
311160301	イヤホンと蝉時雨	Orangestar
311160302	アスノヨゾラ哨戒班	Orangestar
311160303	牆壁	Orangestar
311160401	夜明けと蛍	n-buna
311160402	アイラ	n-buna
311160403	透明エレジー	n-buna
311240005	花	豚乙女
311240007	幻想のサテライト	豚乙女
311240008	待チ人ハ来ズ。	豚乙女
311300004	Do It (Original Mix)	yuma
311330001	Milk＆Coffee Love	ゆきこたんズ
311370104	オンリーワンダー	フレデリック
311410001	Sparkling☆ファンタジスタ！	ARM feat.山本椛
311410002	絶品☆みこみこミラクル昇天レシピ！	MOSAIC.WAV feat.miko
311410003	絶対に笑ってはいけないはじめてのデート24時	D.watt feat.恋汐りんご
311410004	ホシヲコエテ	ALBATROSICKS
311410005	Dance & House	Tomoyuki Sakakida feat.Aikapin
311410006	Sweet Candy	uno
311410007	ダンスフロアの果実	Yunomi feat.nicamoq
311410008	we party again	D.watt feat.mako
311410009	Puppet Nightmare (nora2r Remix)	nora2r
311410010	Kamuy Game Edit	Srav3R
311410011	Stomp The Coward!!	Liqo
311410012	原始人間ズンドボ	臨界モスキー党
311410016	ウサテイ	あまね+ビートまりお (COOL&CREATE)
311410017	アーティフィシャル・チルドレン	ARM+夕野ヨシミ feat. miko
311410018	Miracle∞Hinacle	void+夕野ヨシミ feat. 3L
311410019	タイヨウノハナ	D.watt+ARM+夕野ヨシミ feat. 3L
311410020	行列のできるえーりん診療所	D.watt+溝口ゆうま+七条レタス feat. 3L
311410101	Puppet Nightmare	RoughSketch feat.Aikapin
311410102	Grimm	RoughSketch feat.Aikapin
311410103	Maddest Circus Show	RoughSketch feat.DDNakataMetal
311410104	Alice In Voodooland	RoughSketch feat.Aikapin
311410201	Access To The Light	nora2r
311410202	GO BACK 2 YOUR RAVE (Cranky Remix)	nora2r
311410203	ULTRA B+K	nora2r
311410204	Regain Blue feat.せんざい (RoughSketch Remix)	nora2r
311420001	Grip & Break down !!	SOUND HOLIC feat. Nana Takahashi
311420002	しゅわスパ大作戦☆	SOUND HOLIC feat. Nana Takahashi
311420003	GRISAILLE	SOUND HOLIC feat. Nana Takahashi
311420004	FUTURE FLIGHT	SOUND HOLIC feat. Nana Takahashi
321020002	もののけ姫	新井 大樹
321020004	風の通り道 feat.佐野隆	新井 大樹
321020005	海の見える街	新井 大樹
321020006	ねこバス	新井 大樹
321020007	アシタカセッ記	新井 大樹
321020008	風の谷のナウシカ feat.チロ	新井 大樹
321020009	いつも何度でも	新井 大樹
321020010	さんぽ feat.濱守 栄子	新井 大樹
321020011	風になる feat.sayurina	新井 大樹
321020012	人生のメリーゴーランド feat.黄菜子	新井 大樹
321020013	ルージュの伝言 feat.知桐 京子	新井 大樹
321020014	オバケやしき！	新井 大樹
321020015	ナウシカレクイエム feat.美保	新井 大樹
321020016	時には昔の話を feat.kumi	新井 大樹
321040001	gr8 story	SuG
321040002	小悪魔Sparkling	SuG
321040004	Crazy Bunny Coaster	SuG
321040101	HOLY SHINE	Daisy×Daisy
321040103	BELIEVE	Daisy×Daisy
321040104	Evidence	Daisy×Daisy
321040105	ミラヰアカヅキ	Daisy×Daisy
321040106	星詠みエンドラヴァー	Daisy×Daisy
321040107	永久のキズナ feat. Another Infinity	Daisy×Daisy
321040108	CROSS†BREAKER feat. RYU (BLOOD STAIN CHILD)	Daisy×Daisy
321040201	Flash Light feat. JAY'ED	Jazztronik
321040204	BRA. Step	Jazztronik
321040302	シャイニングスター	南波志帆
321040303	それでも言えないYOU&I	南波志帆
321040304	セプテンバー	南波志帆
321040401	初恋ダッシュ	渡り廊下走り隊
321040402	青春のフラッグ	渡り廊下走り隊
321040403	バレンタイン・キッス	渡り廊下走り隊7
321040404	へたっぴウィンク	渡り廊下走り隊7
321040501	☆Rock the LM.C☆	LM.C
321040502	88	LM.C
321040503	星の在処。-ホシノアリカ-	LM.C
321040504	The LOVE SONG	LM.C
321040601	Daydream Syndrome	藤原鞠菜
321040602	ユメとキボーとアシタのアタシ	メリー・ナイトメア
321040603	月の見えない夜に	藤原鞠菜
321040604	夢の帰り道	メリー・ナイトメア
321040701	ELECTRICITY	BLOOD STAIN CHILD
321040702	STARGAZER	BLOOD STAIN CHILD
321040703	SIRIUS VI	BLOOD STAIN CHILD
321040704	Unlimited Alchemist	BLOOD STAIN CHILD
321040801	キルミーのベイベー！	やすなとソーニャ
321040802	ふたりのきもちのほんとのひみつ	やすなとソーニャ
321040803	HOW TO ENJOY	やすな
321040804	Wanted! OBAKA dead or alive	ソーニャ
321041001	ゆりゆららららゆるゆり大事件	七森中☆ごらく部
321041002	ゆるゆりI♥U	七森中☆ごらく部
321041003	マイペースでいきましょう	七森中☆ごらく部
321041004	Precious Friends	七森中☆ごらく部
321041005	いぇす!ゆゆゆ☆ゆるゆり♪♪	七森中☆ごらく部
321041006	レッツラブ～でいきましょう♪	七森中☆ごらく部
321041007	100%ちゅ～学生	七森中☆ごらく部
321041008	MY SWEET MEMORY	七森中☆ごらく部
321041101	優しい人	Any
321041102	落雷	Any
321041103	アンチエイド	Any
321041104	waffle	Any
321041201	およげ！たいやきくん	AGC38 feat. 東京ブラススタイル
321041202	およげ！たいやきくん ヤキヤキ音頭	AGC38 feat. 東京ブラススタイル
321041203	およげ！たいやきくん	子門真人
321041401	Dreamers!	白池悠宙(梶 裕貴)＆久保寺辰真(羽多野 渉) with 久保寺声優学校オールスターズ
321041402	Dancin' To The Music	久保寺声優学校オールスターズ
321041403	No Limitation	DJ Yoshi (田中太郎)
321041404	アキバ de ハレルヤ	尾澤拓実
321041501	01	Civilian Skunk
321041502	アストロ	Civilian Skunk
321041503	Crazy	Civilian Skunk
321041504	Summer Lover	Civilian Skunk
321041601	2012	WORLD ORDER
321041602	CHANGE YOUR LIFE	WORLD ORDER
321041603	AQUARIUS	WORLD ORDER
321041604	WORLD ORDER～Tax Haven Remix～	WORLD ORDER
321041701	One Up!!!	アイドリング!!!
321041702	Don't think..Feel !!!	アイドリング!!!
321041703	S.O.W.センスオブワンダー	アイドリング!!!
321041704	手のひらの勇気	ときめきアイドリング!!!
321041801	微笑みの爆弾	馬渡松子
321041802	さよならbyebye	馬渡松子
321041803	アンバランスなKissをして	高橋ひろ
321041804	太陽がまた輝くとき	高橋ひろ
321042001	嵐の素顔 	工藤静香
321042002	黄砂に吹かれて	工藤静香
321042003	恋一夜	工藤静香
321042004	FU-JI-TSU	工藤静香
321042101	およしになってねTEACHER	おニャン子クラブ
321042102	じゃあね	おニャン子クラブ
321042103	恋はくえすちょん	おニャン子クラブ
321042104	かたつむりサンバ	おニャン子クラブ
321042201	星空のディスタンス	THE ALFEE
321042202	木枯しに抱かれて…	THE ALFEE
321042203	恋人達のペイヴメント	THE ALFEE
321042402	TOUGH BOY	TOM★CAT
321042403	SILENT SURVIVOR	子供ばんど
321042404	ユリア・・・永遠に	クリスタルキング
321042501	SKY GARDEN	アン (CV:阿澄佳奈)
321042502	いきさき	ヒナ (CV:茅原実里)
321042503	HA・CHA・ME・CHA☆QUEEN	アイネス (CV:水橋かおり)
321042504	PEACE & LUCK	レーネ (CV:中島 愛)
321042601	ホネホネロック	子門真人
321042602	パタパタママ	のこいのこ
321042603	まる・さんかく・しかく	のこいのこ
321042604	はたらくくるま2	子門真人
321042701	Slide 'n' Step	KEITA
321042702	Shame on me	KEITA
321042703	Magic feat.AKLO	KEITA
321042704	Get U Back feat.AISHA	KEITA
321042801	great escape	cinema staff
321042802	borka	cinema staff
321042803	theme of us	cinema staff
321042804	tokyo surf	cinema staff
321042903	そるらる★とんちんかん	にゃ～たん (CV：村川梨衣)
321042904	ソルラルくれにゃ！	エトリオール (CV：村川梨衣、松井恵理子、花守ゆみり)
321043001	トゲトゲ	さんみゅ〜
321043002	はじまりのメロディ	さんみゅ〜
321043003	そっと、ぎゅっと、もっと、ずっと	さんみゅ〜
321043004	みんなの太陽	さんみゅ〜
321043101	会いたいよ．．．会いたいよ！	三森すずこ
321043102	約束してよ？一緒だよ！	三森すずこ
321043103	ユニバーページ	三森すずこ
321043104	グローリー！	三森すずこ
321050002	愛しいひとへ	ET-KING
321050003	一番音頭	ET-KING
321050004	PRIDE 〜君がくれたもの〜	ET-KING
321050103	エボ★レボリューション	mihimaru GT
321050201	春夏秋冬	ヒルクライム
321050203	臆病な狼	ヒルクライム
321050204	パーソナルCOLOR	ヒルクライム
321050501	We Can Fly	Happiness
321050503	Wish	Happiness
321050504	Kiss Me	Happiness
321050601	JUNGLES	10-FEET
321050602	その向こうへ	10-FEET
321050603	1sec.	10-FEET
321050701	神様はじめました	ハナエ
321050702	Boyz & Girlz	ハナエ
321050703	恋は神聖ローマ	ハナエ
321050704	変幻ジーザス	ハナエ
321050801	ドラマチック	Base Ball Bear
321050802	LOVE MATHEMATICS	Base Ball Bear
321050803	BREEEEZE GIRL	Base Ball Bear
321050804	Stairway Generation	Base Ball Bear
321050901	浮舟	GO!GO!7188
321050902	こいのうた	GO!GO!7188
321050903	ジェットにんぢん	GO!GO!7188
321050904	あぁ青春	GO!GO!7188
321051001	KILLER TUNE	STRAIGHTENER
321051002	Magic Words	STRAIGHTENER
321051003	TRAVELING GARGOYLE	STRAIGHTENER
321051101	目をとじてギュッしよ	ABCHO
321051102	UNLUCKY GIRL!!	Sweety
321051103	back into my world	Sweety
321051104	ダーリンとマドンナ	吉川友
321051301	Everything's All Right	CTS
321051302	Beautiful Love World	CTS
321051303	Yume Be The Light	CTS
321051304	Never Ever Better	CTS
321070101	片膝の汚れ	LAST ALLIANCE
321070102	WING	LAST ALLIANCE
321070104	エンプティハート	LAST ALLIANCE
321070105	BLUE BIRD SHERRY	LAST ALLIANCE
321070106	灯	LAST ALLIANCE
321070108	time-lag-cloud	LAST ALLIANCE
321070201	ライフワーク	OGRE YOU ASSHOLE
321070202	バランス	OGRE YOU ASSHOLE
321070203	ヘッドライト	OGRE YOU ASSHOLE
321070204	ピンホール	OGRE YOU ASSHOLE
321070301	TEAR OFF YOUR CHAIN	GALNERYUS
321070302	FUTURE NEVER DIES	GALNERYUS
321070303	BASH OUT！	GALNERYUS
321070304	THE TIME HAS COME	GALNERYUS
321070401	Insight 	WHITE ASH
321070402	Crowds	WHITE ASH
321070403	Orpheus	WHITE ASH
321070404	The Phantom Pain	WHITE ASH
321080101	ultra PHANTOM	ゴールデンボンバー
321080102	†ザ・V系っぽい曲†	ゴールデンボンバー
321080104	眠たくて	ゴールデンボンバー
321080105	僕クエスト	ゴールデンボンバー
321080106	らふぃおら	ゴールデンボンバー
321090001	ベイビー・アイラブユー	Che'Nelle
321090002	For You	Che'Nelle
321090003	SAKURA	Che'Nelle
321090004	Everything	Che'Nelle
321090005	Believe	Che'Nelle
321090006	Story	Che'Nelle
321090007	Sunshine On You	Che'Nelle
321090008	Rain	Che'Nelle
321090102	結婚闘魂行進曲「マブダチ」	氣志團
321090103	愛　羅　武　勇	氣志團
321090104	族	氣志團
321090301	Trash	小南泰葉
321090302	世界同時多発ラブ仮病捏造バラード不法投棄	小南泰葉
321090304	ルポルタージュ精神病棟	小南泰葉
321090306	やさしい嘘	小南泰葉
321090307	パンを齧った美少女	小南泰葉
321090308	Soupy World	小南泰葉
321090401	塊	赤い公園
321090402	透明	赤い公園
321090403	ナンバーシックス 	赤い公園
321090404	ランドリー	赤い公園
321090501	WHAT'S MY NAME? 	雅-MIYAVI-
321090502	A-HA	雅-MIYAVI-
321090503	SHELTER	雅-MIYAVI-
321090504	FUTURISTIC LOVE	雅-MIYAVI-
321090701	Ascension (The Land Of Freedom Part2) feat. Akiko	quasimode
321090702	Ant Soldier	quasimode
321090703	Music Can Change the World feat. HanaH (Single Edit)	quasimode
321090704	Whisky's High feat. AFRA (Single Edit)	quasimode
321090803	行動と言動のキャスティング	HaKU
321090804	Yeah Right!	HaKU
321090901	to live（新録）	ACIDMAN
321090902	僕らは	The Mirraz
321090903	DAY 1	MIYAVI vs YUKSEK
321090905	仏教ソング	The SALOVERS
321090906	sick rocks ～Too Fast version～	the telephones
321090909	パープルスカイ	蜜
321090910	サイケデリックマリー	The SALOVERS
321090911	Under the rain	ACIDMAN
321090912	煩悩コントロール (Album Version) (2013 Remastered)	吉井和哉
321091002	新しい光	9mm Parabellum Bullet
321091003	キャンドルの灯を	9mm Parabellum Bullet
321100001	Winter Kiss ～冬がくれたラブストーリー～	Sweet Licious
321100002	Destiny (DJ TORA Club Remix)	Sweet Licious
321100003	The Other Side of Love	Sweet Licious
321100004	My Heart ～キミに届けたい～ feat. JUN from CLIFF EDGE	Sweet Licious
321100101	LOVE LOVE FEVER	CLIFF EDGE
321100102	誓い	CLIFF EDGE
321100103	KISS! KISS!! KISS!!!	CLIFF EDGE
321100104	Believe ～夢のカケラ～	CLIFF EDGE
321110001	リフレクティア	eufonius
321110002	Idea	eufonius
321110003	phosphorus	eufonius
321110004	アネモイ	eufonius
321110101	跪いて足をお嘗め	ALI PROJECT
321110102	堕天國宣戦	ALI PROJECT
321110103	禁じられた遊び	ALI PROJECT
321110104	聖少女領域	ALI PROJECT
321120002	夢現	Another Infinity feat. Mayumi Morinaga
321120003	My Babe Bee	Another Infinity feat. Mayumi Morinaga
321120004	Ultramarine	青龍
321120005	COME BACK TO MY HEART (Ryu☆Remix)	Another Infinity feat. Mayumi Morinaga
321120006	Rise From The Ashes	Another Infinity vs MK feat. Mayumi Morinaga
321120007	Lapis Lazuli	Another Infinity feat. Mayumi Morinaga
321120008	jumpin' pumpin'	Ryu☆
321120009	sukha	Ryu☆
321120010	H.U.D.01	Ryu☆
321120011	Plan B	Ryu☆
321120012	green lighting	Ryu☆
321120013	Seventh Heaven	Ryu☆
321120014	By Your Side	Ryu☆
321120015	R U Ready?	Ryu☆
321120016	PARADISE BLUE (SH Mix)	Ryu☆
321120201	せーのっ！ feat. ふわりP	情報処理部（大久保瑠美、津田美波、種田梨沙）
321120202	Affection feat. Another Infinity	Mayumi Morinaga
321120203	セツナイロ feat. Another Infinity (Ryu☆ Remix)	情報処理部（大久保瑠美、津田美波、種田梨沙）
321120204	せーのっ！(DJ UTO REMIX)	情報処理部（大久保瑠美、津田美波、種田梨沙）
321120302	Holy Crown	白龍
321120303	Crimson Mist	紅龍
321120304	Dark Fall	黒龍
321120305	AO-∞	青龍
321120306	3!dolon Forc3	青龍×Eagle
321120307	VOX RUSH	青龍×sampling masters MEGA & sampling masters AYA
321120308	Girl on Data	青龍×E.G.G.
321120901	STARS (Ryu☆Remix RRver.)	Another Infinity feat. Mayumi Morinaga
321120904	dreamin'feat.Ryu☆	Mayumi Morinaga（moimoi)
321130101	組曲『　』	→Pia-no-jaC←
321130102	うさぎDASH	→Pia-no-jaC←
321130103	台風	→Pia-no-jaC←
321130106	Savanna	→Pia-no-jaC←
321130107	Triad	→Pia-no-jaC←
321130108	風雅	→Pia-no-jaC←
321130109	Paradiso	→Pia-no-jaC←
321130111	獅子奮迅	→Pia-no-jaC←
321130112	PEACE	→Pia-no-jaC←
321130113	交響曲第9番 ホ短調 作品95「新世界より」第4楽章	→Pia-no-jaC←
321130114	熊蜂の飛行	→Pia-no-jaC←
321130115	ジムノペディ 第1番	→Pia-no-jaC←
321130301	ゆずれない願い	田村直美
321130302	光と影を抱きしめたまま	田村直美
321130303	All You Need Is Love	田村直美
321130304	ハバネロ激辛の旅	田村直美
321140001	アンインストール	石川智晶
321140002	Little Bird	石川智晶
321140003	不完全燃焼	石川智晶
321140004	The Giving Tree	石川智晶
321140101	Cloud Age Symphony	OKINO,SHUNTARO
321140102	Over The Sky	Hitomi
321140104	Starboard	Hitomi
321140301	Shine	家入レオ
321140302	Hello	家入レオ
321140303	カラフル	家入レオ
321140304	ripe	家入レオ
321140306	Bless You	家入レオ
321140307	Say Goodbye	家入レオ
321140308	Last Stage	家入レオ
321140309	純情	家入レオ
321140310	太陽の女神	家入レオ
321140311	Message	家入レオ
321140312	チョコレート	家入レオ
321140401	ブルースカイ	BUZZ THE BEARS
321140402	光り	BUZZ THE BEARS
321140403	晴れのち終わり	BUZZ THE BEARS
321140404	シーフ	BUZZ THE BEARS
321140601	癇癪玉のお宮ちゃん	アルカラ
321140602	デカダントタウン	アルカラ
321140603	いびつな愛	アルカラ
321140604	380	アルカラ
321140801	キミシニタモウコトナカレ	May'n
321140802	Ready Go!	May'n
321140803	Scarlet Ballet	May'n
321140804	Chase the world	May'n
321140805	Run Real Run	May'n
321140807	今日に恋色	May'n
321140808	Re:REMEMBER	May'n
321141001	美術館で会った人だろ-ART MANIA	ぶっちぎりP
321141003	磁力ビギン	みろんP
321141004	ジェニーはご機嫌ななめ	うどんゲルゲ
321141101	Let Me Be With You	ROUND TABLE featuring Nino
321141102	NEW WORLD	ROUND TABLE featuring Nino
321141103	Groovin' Magic	ROUND TABLE featuring Nino
321141104	夏待ち	ROUND TABLE featuring Nino
321141201	創聖のアクエリオン	AKINO
321141202	Go Tight!	AKINO
321141203	君の神話～アクエリオン第二章	AKINO with bless4
321141204	パラドキシカルZOO	AKINO with bless4
321141301	TRY UNITE!	中島 愛
321141302	Hello!	中島 愛
321141303	マーブル	中島 愛
321141304	そんなこと裏のまた裏話でしょ？	中島 愛
321141501	コッペリアの柩（Noir Ver.）	ALI PROJECT
321141502	月蝕グランギニョル	ALI PROJECT
321141503	亡國覚醒カタルシス	ALI PROJECT
321141701	シャボン	石鹸屋
321141702	アウェイク	石鹸屋
321141703	青い雲	石鹸屋
321141704	サンライト	石鹸屋
321141804	NEW WORLD	ナノ
321141805	INFINTY≠ZERO	ナノ
321141806	Rock on.	ナノ
321141807	Scarlet Story	ナノ
321141808	Bull's Eye	ナノ
321141901	閃光ストリングス	Cyntia
321141902	Return to Myself ～しない、しない、ナツ。	Cyntia
321141903	深愛エゴイズム	Cyntia
321141904	Ride on time	Cyntia
321142001	クピドゥレビュー	悠木碧
321142002	彼女がフラグを立てる理由	YELL
321142003	1st Love (はつ恋)宣言	吟遊院芹香（CV：悠木碧）
321142004	春風フラグメンツ	菜波・K・ブレードフィールド（CV：木戸衣吹）&魔法ヶ沢茜（CV：茅野愛衣）
321142101	Parallel Hearts	FictionJunction
321142102	時の向こう 幻の空	FictionJunction
321142103	storytelling	FictionJunction
321142104	星屑	FictionJunction
321142201	Jumping!!	Rhodanthe*
321142202	Your Voice	Rhodanthe*
321142203	さつきいろハルジオン	Rhodanthe*
321142204	さくらいろチェリッシュ	Rhodanthe*
321142301	Be mine!	坂本 真綾
321142302	マジックナンバー	坂本 真綾
321142303	レプリカ	坂本 真綾
321142304	Remedy	坂本 真綾
321142305	プラチナ	坂本 真綾
321142306	マメシバ	坂本 真綾
321142307	ヘミソフィア	坂本 真綾
321142308	トライアングラー	坂本 真綾
321142401	うそつき。	ヒステリックパニック
321142402	ライジングさん	ヒステリックパニック
321142403	ファッキンホット（オトナとオモチャ Ver.）	ヒステリックパニック
321142404	MISSION 5	ヒステリックパニック
321142502	Purest Blue	Trident
321142503	Blue Snow	Trident
321142504	Blue Destiny	Trident
321142601	雫 -shizuku-	南里侑香
321142602	BLOODY HOLIC	南里侑香
321142803	Sunrise(re-build)	ぼくのりりっくのぼうよみ
321143001	真夏のBeeeeeeaM.	吉田凜音
321143002	SCHOOL DAY	吉田凜音
321143003	忘れないPlace	吉田凜音
321143004	恋のサンクチュアリ！	吉田凜音
321143101	Blue Bird	Schroeder-Headz
321143102	Follow Me	Schroeder-Headz
321143103	Far Eastern Tale	Schroeder-Headz
321143104	Sketch of Leaves	Schroeder-Headz
321143201	蜜の夜明け	新居昭乃
321143202	金の波 千の波	新居昭乃
321143203	Unknown Vision	新居昭乃
321143204	覚醒都市	新居昭乃
321150001	New Answer	TRIBAL CHAIR
321150002	909	TRIBAL CHAIR
321150003	Third eye creation	TRIBAL CHAIR
321150004	Prison	TRIBAL CHAIR
321150101	Jails	WHITE ASH
321150103	Kiddie	WHITE ASH
321150104	Orchid	WHITE ASH
321150201	Flyers	BRADIO
321150202	オトナHIT PARADE	BRADIO
321150203	スパイシーマドンナ	BRADIO
321150204	HOTELエイリアン	BRADIO
321150205	Back To The Funk	BRADIO
321150206	彼女ハリケーン	BRADIO
321150207	Get Money	BRADIO
321150208	All I Need Is You	BRADIO
321160007	男の娘メモラブル	さつき が てんこもり
321160008	マダラカルト	トーマ
321160011	みくみくにしてあげる♪【してやんよ】	ika
321160016	ミラクルペイント	OSTER project
321160404	白ゆき	n-buna
321170001	Diamond snow〜きっとまた逢える〜	星野奏子
321170002	トゲノマユ	星野奏子
321170003	蒼の太陽〜その先にある未来〜(Vision of the Future Ver)	星野奏子
321170004	Hey! Boys & Girls	星野奏子
321170005	マドンナレディ	星野奏子
321170006	COLORS	星野奏子
321170007	人魚	星野奏子
321170008	LOVE MAGIC	星野奏子
321180001	Sister	Brian the Sun
321180002	藍色に。	Brian the Sun
321180003	Laika and Hz and contrast,	Brian the Sun
321180004	藍色に。[jubeat plus Mix]	Brian the Sun
321180005	神曲	Brian the Sun
321180006	早鐘	Brian the Sun
321180007	彼女はゼロフィリア	Brian the Sun
321180008	シュレディンガーの猫	Brian the Sun
321190001	コンピュータおばあちゃん	酒井　司優子
321190002	スシ喰いねぇ！	こおろぎ’73
321190003	ラジャ・マハラジャー	くまい　もとこ
321190004	山口さんちのツトム君	川橋　啓史
321190101	クシコス・ポスト	コロムビア・マーチ・オーケストラ
321190102	道化師のギャロップ	サー・チャールズ・グローヴズ指揮、フィルハーモニア管弦楽団
321190103	コンバット・マーチ	コロムビア・オーケストラ
321190104	コロブチカ	コロムビア・フォークダンス・オーケストラ
321190301	ドラゴンコレクション～勇気のツバサ～	流田Project
321190302	ぶっちぎりファンタスティック	流田Project
321190303	希望の光	流田Project
321190304	本当の宝物	流田Project
321200001	君の知らない物語	supercell
321200002	さよならメモリーズ	supercell
321200003	うたかた花火	supercell
321200004	星が瞬くこんな夜に	supercell
321200101	HARUKAZE	SCANDAL
321200102	少女S	SCANDAL
321200103	瞬間センチメンタル	SCANDAL
321200104	太陽スキャンダラス	SCANDAL
321200201	100万回の「I love you」	Rake
321200202	Fly away	Rake
321200203	フタリヒトツ	Rake
321200204	素晴らしき世界	Rake
321200301	irony	ClariS
321200302	コネクト	ClariS
321200303	ナイショの話	ClariS
321200304	Wake Up	ClariS
321200305	nexus	ClariS
321200306	ルミナス	ClariS
321200307	reunion	ClariS
321200308	カラフル	ClariS
321200402	WAO!	UNICORN
321200403	SAMURAI 5	UNICORN
321200404	キミトデカケタ	UNICORN
321200502	THE OVER	UVERworld
321200503	CORE PRIDE	UVERworld
321200504	Roots	UVERworld
321200601	Shangri-La (Y.Sunahara 2009 Remodel)	電気グルーヴ
321200602	SHAME	電気グルーヴ
321200603	SHAMEFUL	電気グルーヴ
321200604	虹 (A DAY IN JAPAN ver)	電気グルーヴ
321200701	BYE BYE	加藤ミリヤ
321200703	Love Forever	加藤ミリヤ×清水翔太
321200704	SAYONARAベイベー	加藤ミリヤ
321200901	MEMORIA	藍井エイル
321200902	AURORA	藍井エイル
321200903	INNOCENCE	藍井エイル
321200904	アヴァロン･ブルー	藍井エイル
321201001	Get Wild	TM NETWORK
321201002	BE TOGETHER	TM NETWORK
321201003	LOVE TRAIN	TM NETWORK
321201004	SELF CONTROL	TM NETWORK
321201101	Believe in myself	LiSA
321201102	oath sign	LiSA
321201103	ジェットロケット	LiSA
321201104	crossing field	LiSA
321201201	上・京・物・語	シャ乱Q 
321201202	ズルい女	シャ乱Q 
321201203	いいわけ	シャ乱Q 
321201204	新・ラーメン大好き小池さんの唄	シャ乱Q 
321201301	staple stable	戦場ヶ原ひたぎ(斎藤千和)
321201302	帰り道	八九寺真宵(加藤英美里)
321201303	ambivalent world	神原駿河(沢城みゆき)
321201304	恋愛サーキュレーション	千石撫子(花澤香菜)
321201305	sugar sweet nightmare	羽川翼(堀江由衣)
321201306	marshmallow justice	阿良々木火憐(喜多村英梨)
321201307	白金ディスコ	阿良々木月火(井口裕香)
321201308	perfect slumbers	羽川翼(堀江由衣)
321201401	POP STAR	平井堅
321201402	KISS OF LIFE	平井堅
321201403	バイマイメロディー	平井堅
321201404	style	平井堅
321201501	Dive For You	BOOM BOOM SATELLITES
321201503	BACK ON MY FEET	BOOM BOOM SATELLITES
321201504	SHUT UP AND EXPLODE	BOOM BOOM SATELLITES
321201601	Magia​	Kalafina
321201602	to the beginning	Kalafina
321201603	音楽	Kalafina
321201604	君の銀の庭	Kalafina
321201701	禁断のカルマ	私立恵比寿中学
321201702	梅	私立恵比寿中学
321201703	仮契約のシンデレラ	私立恵比寿中学
321201704	放課後ゲタ箱ロッケンロールMX	私立恵比寿中学
321201801	Overfly	春奈るな
321201802	アイヲウタエ	春奈るな
321201803	TRUE STORY	春奈るな
321201804	狂想リフレイン	春奈るな
321201805	snowdrop　-春奈るなver.-	春奈るな
321201806	Startear	春奈るな
321201807	君色シグナル	春奈るな
321201808	夜の虹を越えて	春奈るな
321201901	少年ハート	HOME MADE 家族
321201902	サンキュー！！	HOME MADE 家族
321201903	キミガイタカラ	HOME MADE 家族
321201904	マモルベキモノ	HOME MADE 家族
321202001	言ノ葉	ピコ
321202002	桜音	ピコ
321202003	Make My Day!	ピコ
321202004	勿忘草	ピコ
321202102	ホログラム	NICO Touches the Walls
321202103	ニワカ雨ニモ負ケズ	NICO Touches the Walls
321202104	Diver	NICO Touches the Walls
321202201	友達より大事な人	剛力彩芽
321202202	Girls' Talkin'	剛力彩芽
321202203	あなたの100の嫌いなところ	剛力彩芽
321202204	up!! up!!	剛力彩芽
321202301	サムライハート(Some Like It Hot!!)	SPYAIR
321202302	サクラミツツキ	SPYAIR
321202303	現状ディストラクション	SPYAIR
321202304	JUST ONE LIFE	SPYAIR
321202401	World of Glory with JOE INOUE	TOTALFAT
321202402	X-stream	TOTALFAT
321202403	PARTY PARTY	TOTALFAT
321202404	Place to Try	TOTALFAT
321202501	ウェカピポ	SOUL'd OUT
321202502	To All Tha Dreamers	SOUL'd OUT
321202503	ALIVE	SOUL'd OUT
321202504	VOODOO KINGDOM 	SOUL'd OUT
321202601	PIECES OF A DREAM	CHEMISTRY
321202602	Point of No Return	CHEMISTRY
321202603	Life goes on～side K～	CHEMISTRY
321202604	merry-go-round	CHEMISTRY
321202701	AM02:00	Aimer
321202702	RE:I AM	Aimer
321202703	あなたに出会わなければ～夏雪冬花～	Aimer
321202704	StarRingChild	Aimer
321202801	There will be love there -愛のある場所-	the brilliant green
321202802	そのスピードで	the brilliant green
321202803	Hello Another Way -それぞれの場所-	the brilliant green
321202804	Ash Like Snow	the brilliant green
321202901	修羅	DOES
321202902	曇天	DOES
321202903	バクチ・ダンサー	DOES
321202904	紅蓮	DOES
321203001	上海ハニー	ORANGE RANGE
321203002	イケナイ太陽	ORANGE RANGE
321203003	＊～アスタリスク～	ORANGE RANGE
321203004	おしゃれ番長 feat.ソイソース	ORANGE RANGE
321203309	HEROES	Brian the Sun
321203310	Maybe	Brian the Sun
321203311	パトスとエートス	Brian the Sun
321203312	Mitsuhide	Brian the Sun
321210002	サバイバル 	シシド・カフカ
321210003	カウントダウン 	シシド・カフカ
321210004	デイドリームライダー 	シシド・カフカ
321210101	ギミラ！ギミラ！ギミラ！ 	堂島孝平
321210102	あのコ猫かいな	堂島孝平
321210103	シンクロナイズド・モーニング	堂島孝平
321210104	き、ぜ、つ、し、ちゃ、う	堂島孝平
321210301	GO	a flood of circle
321210302	KIDS	a flood of circle
321210303	ベストライド	a flood of circle
321210304	Golden time	a flood of circle
321210305	Dancing Zombiez	a flood of circle
321210306	ロックンロールバンド	a flood of circle
321210307	Diamond Rocks	a flood of circle
321210308	花	a flood of circle
321210401	Killing Me	X4
321210402	声にしたなら	X4
321210403	Snow Flakes	X4
321210404	Party Up!!	X4
321210501	ラストダンサー	chouchou merged syrups. 
321210502	irony	chouchou merged syrups. 
321210503	或る種の結論	chouchou merged syrups. 
321210504	あなたの笑う頃に	chouchou merged syrups. 
321210601	誘惑	中田裕二
321210602	LOVERS SECRET	中田裕二
321210603	STONEFLOWER	中田裕二
321210604	夜をこえろ	中田裕二
321210701	First Love 注意報！	Pyxis
321210702	ハズム恋リズム	Pyxis
321210703	トキメキセンセーション！(Album Mix)	Pyxis
321210704	初恋の棘	Pyxis
321220001	Witch 	セブンブリッジ
321220002	darksnow 	セブンブリッジ
321220003	リンドウ 	セブンブリッジ
321220004	生誕祭 	セブンブリッジ
321220301	PATRIOT'S DREAM （美しく花と散れ）	X.Y.Z.→A
321220302	INITIATION	X.Y.Z.→A
321220303	REAL MAN	X.Y.Z.→A
321220304	SEVENTH HEAVEN	X.Y.Z.→A
321220401	中2病の神ドロシー ～筋肉少女帯メジャーデビュー25th記念曲	筋肉少女帯
321220402	釈迦	筋肉少女帯
321220403	日本印度化計画	筋肉少女帯
321220404	機械	筋肉少女帯
321230001	Dream On	すわひでお
321230002	ポンギ	すわひでお
321230003	明日元気にな～れ！！	すわひでお
321230004	彼氏にしてみませんか！？	すわひでお
321270001	Dive-E	アリス十番
321270002	ハピ☆バデ	アリス十番
321270003	真・アドベンチャー	アリス十番
321270004	夏だね☆	アリス十番
321280001	365日のラブストーリー。	Sonar Pocket
321280002	月火水木金土日。～君に贈る歌～	Sonar Pocket
321280004	あなたのうた	Sonar Pocket
321300001	Trace of Wind	yuma
321300002	I am the Light feat. Jeni Fujita	yuma
321300003	BASE CONTROL (the day)	yuma
321310003	Sugarless GiRL	CAPSULE
321310004	Super Scooter Happy	CAPSULE
321320002	ココロ＝ハレーション	歌組雪月花
321320003	夢見サンライズ	歌組雪月花
321320004	回レ！雪月花 chiptune Remix	歌組雪月花
321320005	Anicca	原田ひとみ
321320006	Burnt Red	原田ひとみ
321320007	MACHINE DOLL	原田ひとみ
321320008	Möbius	原田ひとみ
321350002	UNLIMITED	蒼井翔太
321350003	TRUE HEARTS	蒼井翔太
321350004	glitter wish	蒼井翔太
321350005	Virginal	蒼井翔太
321350006	ブルーバード	蒼井翔太
321350007	秘密のクチヅケ	蒼井翔太
321350008	NO WEAK⇔YES WEEK	蒼井翔太
321370002	Mr.Darling	みみめめMIMI
321370004	サヨナラ嘘ツキ	みみめめMIMI
321380101	クローバー♣かくめーしょん	とりぷる♣ふぃーりんぐ(和久井 優／金澤まい／今村彩夏)
321380102	スクールはいたっち！	とりぷる♣ふぃーりんぐ(和久井 優／金澤まい／今村彩夏)
321380103	ぐーちょきパレード	とりぷる♣ふぃーりんぐ(和久井 優／金澤まい／今村彩夏)
321380104	ぱじゃまParty	とりぷる♣ふぃーりんぐ(和久井 優／金澤まい／今村彩夏)
321380201	Shiny Ray	YURiKA
321380202	星を辿れば	大原ゆい子
321380203	MIND CONDUCTOR	YURiKA
321380204	透明な翼	大原ゆい子
321390003	青春セッション PARADISE	A応P
321390004	Stay Gold	A応P
321400001	puputan	Migimimi sleep tight
321400002	Migimimi	Migimimi sleep tight
321400003	Don't me cry	Migimimi sleep tight
321400004	WonderWave	Migimimi sleep tight
321400101	Morning Calling	DORIAN
321400102	Natsu no Owari feat. G.RINA	DORIAN
321400103	Shooting Star feat. TAVITO NANAO&YAKENOHARA	DORIAN
321400104	summer rich feat. Hitomitoi	DORIAN
321400201	overflow	uchuu,
321400202	SI(G)N SEKAI	uchuu,
321400203	HELLO	uchuu,
321400204	HAPPY	uchuu,
321400301	fake!fake!	カラスは真っ白
321400302	HIMITSUスパーク	カラスは真っ白
321400303	ヒズムリアリズム	カラスは真っ白
321400304	魔法陣より愛をこめて	カラスは真っ白
331051201	恋する季節	ナオト・インティライミ
331051202	タカラモノ～この声がなくなるまで～	ナオト・インティライミ
331051203	君に逢いたかった	ナオト・インティライミ
331051402	ドーナツホール(COVER)	米津玄師
331051403	リビングデッド・ユース	米津玄師
331051404	MAD HEAD LOVE	米津玄師
331090908	POISON	布袋寅泰
331120101	いーあるふぁんくらぶ	みきとP
331120108	BLURRY	164
331120116	クノイチでも恋がしたい	みきとP feat.松下
331120119	タイムマシン	1640mP
331120120	きょうもハレバレ	ふわりP
331120122	十面相	YM
331120123	トリノコシティ	40mP
331120125	IMITATION BLACK	SCL Project(natsuP)
331120127	からくりピエロ	40mP
331120129	シリョクケンサ	40mP
331120132	Sweetiex2	Dixie Flatline
331120501	０=Xerostrumental=	cosMo@暴走P
331120503	Anti the∞HOLiC	cosMo@暴走P
331120504	∞=Inftrumental=	cosMo@暴走P
331120603	女女女しガール	ナナホシ管弦楽団 feat.松下
331120604	ホロウダンス	あにー(TaNaBaTa) feat.松下
331120703	ECHO	Crusher-P
331120704	インフルエンサー・イズ・デッド	じーざす(ワンダフル☆オポチュニティ!)
331120801	Bass Weapon: LAZERFLAME	かめりあ
331120802	Glitch Nerds	かめりあ
331120803	MEGANTO METEOR	かめりあ
331120804	イーディーエム・ジャンパーズ	かめりあ feat. ななひら
331250001	漂流彼女	DIV
331250002	夏の行方	DIV
331250003	BUTTERFLY DREAMER	DIV
331250004	JUSTICE	DIV
331250101	Drain	ギルガメッシュ
331250102	INCOMPLETE	ギルガメッシュ
331250103	Break Down	ギルガメッシュ
331250104	evolution	ギルガメッシュ
331250201	ニート姫	カメレオ
331250202	ダメ男	カメレオ
331250203	D・S・K	カメレオ
331250204	ハナゲの王様	カメレオ
331370101	オドループ	フレデリック
331370102	オワラセナイト	フレデリック
331370103	トウメイニンゲン	フレデリック
341042303	FREELY TOMORROW	有形ランペイジ 
341042304	*ハロー、プラネット。	有形ランペイジ 
341120113	恋愛勇者	Last Note.
341141601	完全犯罪ラブレター	150P
341141602	孤独ノ隠レンボ	150P
341141603	ニセモノ注意報	150P
341141604	猿マネ椅子盗りゲーム	150P
341142604	LIVE ON ! ～add Trance Mix 2015	南里侑香
341142801	sub/objective	ぼくのりりっくのぼうよみ
341142802	CITI	ぼくのりりっくのぼうよみ
341142804	パッチワーク	ぼくのりりっくのぼうよみ
341160010	ワールズエンド・ダンスホール	wowaka
341160012	嗚呼、素晴らしきニャン生	Nem
341160013	裏表ラバーズ	wowaka
341160018	ローリンガール	wowaka
341160019	カンタレラ ～grace edition～	黒うさP
341160021	P	ATOLS
341160022	システマチックオーケストラ	n.k
341160023	メイウェンティー	キョータ
341160024	バベルサーカス	Diarays
341160025	ハロー・ニューワールド	n.k
341160026	だるまさんがころんだ	犬丸芝居小屋
341160027	嫉妬心	*Luna
341160028	ゆっくりしていってね！！！	今日犬
341160029	ブーレンシュー	キョータ
341160030	ビィーーーム!!!	プロペリン
341160031	パンプキンズナイトメア	るなちゅ
341160101	M.S.S.Planet	M.S.S Project
341160102	M.S.S.Phantom	M.S.S Project
341160103	THE WORLDS	M.S.S Project
341160104	We are MSSP!	M.S.S Project
341160201	四面楚歌	梅とら
341160202	BURNING	梅とら
341160203	LaLaL危	梅とら
341160204	赤イ花	梅とら
341160304	濫觴生命	Orangestar
341202101	手をたたけ	NICO Touches the Walls
341203201	わくわくマイライフ	ゲーム実況者わくわくバンド
341203202	今日くらい	ゲーム実況者わくわくバンド
341203203	夜よ明けないで	ゲーム実況者わくわくバンド
341370001	センチメンタルラブ	みみめめMIMI
341370003	天手古舞	みみめめMIMI
411010001	Matchbook	Strung Out
411010002	Analog	Strung Out
411010003	Calling	Strung Out
411010004	Black Crosses	Strung Out
411020001	Chalkline	Strike Anywhere
411020002	Infrared	Strike Anywhere
411020003	Instinct	Strike Anywhere
411020004	Failed State	Strike Anywhere
411040001	House on a Hill	Mamas Gun
411040002	Finger on It	Mamas Gun
411040003	Reconnection	Mamas Gun
411040004	Rocket to the Moon	Mamas Gun
411050001	Prayer of the Refugee	Rise Against
411050002	The Good Left Undone	Rise Against
411050003	Savior	Rise Against
411050004	Help Is On the Way	Rise Against
411060001	Just Dance	Lady Gaga
411060002	Poker Face	Lady Gaga
411060003	Bad Romance	Lady Gaga
411060004	Born This Way	Lady Gaga
411070001	Girls Just Want To Have Fun	Cyndi Lauper
411070002	Money Changes Everything	Cyndi Lauper
411070003	All Through The Night	Cyndi Lauper
411070004	She Bop	Cyndi Lauper
411080001	1-2-3	Gloria Estefan
411080002	Bad Boy	Gloria Estefan
411080003	Dr. Beat	Gloria Estefan
411080004	Rhythm Is Gonna Get You	Gloria Estefan
411090001	Infected	Bad Religion
411090002	Punk Rock Song	Bad Religion
411090003	Sorrow	Bad Religion
411090004	Los Angeles Is Burning	Bad Religion
411100001	Diggin On You	TLC
411100002	Waterfalls	TLC
411100003	Silly Ho	TLC
411100004	Get It Up	TLC
411110001	Do You Really Want To Hurt Me?	Culture Club
411110002	Karma Chameleon	Culture Club
411110003	It's A Miracle	Culture Club
411110004	Time (Clock Of The Heart)	Culture Club
411120001	The Reflex	Duran Duran
411120002	Ordinary World	Duran Duran
411120003	All You Need Is Now	Duran Duran
411120004	Girl Panic!	Duran Duran
411130001	Heart Of Glass	Blondie
411130002	One Way Or Another	Blondie
411130003	Hanging On The Telephone	Blondie
411130004	Call Me	Blondie
411140001	Should've Known Better	Richard Marx
411140002	Don't Mean Nothing	Richard Marx
411140003	Right Here Waiting	Richard Marx
411140004	Take This Heart	Richard Marx
411150001	Love Shack	B-52's
411150002	Roam	B-52's
411150003	Good Stuff	B-52's
411150004	Cosmic Thing	B-52's
411170001	Child's Anthem	Toto
411170002	99	Toto
411170003	Africa	Toto
411170004	Mushanga	Toto
411180001	Start All Over	Miley Cyrus
411180002	7 Things	Miley Cyrus
411180003	Fly On The Wall	Miley Cyrus
411180004	Can't Be Tamed	Miley Cyrus
411190001	It's Time To Party Now	Ray Parker Jr.
411190002	Still In The Groove	Ray Parker Jr.
411190003	Ghostbusters	Ray Parker Jr.
411190004	Jamie	Ray Parker Jr.
411190005	A Woman Needs Love	Ray Parker Jr.
411200001	September	Earth, Wind & Fire
411200002	Let's Groove	Earth, Wind & Fire
411200003	Jupiter	Earth, Wind & Fire
411200004	Boogie Wonderland	Earth, Wind & Fire
411210001	Venus	Bananarama
411210002	I Heard A Rumour	Bananarama
411210003	Love In The First Degree	Bananarama
411210004	I Can't Help It	Bananarama
411220001	Whatcha Say	Jason Derulo
411220002	Ridin' Solo	Jason Derulo
411220003	In My Head	Jason Derulo
411220004	Don't Wanna Go Home	Jason Derulo
411250001	Say It Isn't So	Hall & Oates
411260001	Take On Me	a-ha
411270001	Eye of the Tiger	Survivor
411280001	Helena	My Chemical Romance
411280002	I'm Not Okay (I Promise)	My Chemical Romance
411280003	Welcome to the Black Parade	My Chemical Romance
411280004	Na Na Na (Na Na Na Na Na Na Na Na Na)	My Chemical Romance
